A = [
256,   2,  64,  32,  16,   8,   4,   2;
  2, 256, 128,  64,  32,  16,   8,   4;
  4,   2, 256, 128,  64,  32,  16,   8;
  8,   4, 128, 256, 128,  64,  32,  16;
 16,   8,  64, 128, 256, 128,  64,  32;
 32,  16,  32,  64, 128, 256, 128,  64;
 64,  32,  16,  32,  64, 128, 256, 128;
128,  64,   8,  16,  32,  64, 128, 256]'

B = [
256,2,4,8,16,32,64,128;
0.0078125,255.984,1.96875,3.9375,7.875,15.75,31.5,63;
0.25,0.498077,254.019,127.01,56.0776,28.0388,-15.6894,-7.84472;
0.125,0.249039,0.488304,192,84.7723,42.3862,-23.7176,-11.8588;
0.0625,0.124519,0.25,0.5,197.614,98.9709,71.8588,35.8835;
0.03125,0.0622597,0.122076,0.25,0.484966,192.002,85.1968,42.5977;
0.015625,0.0311298,0.0625,0.125,0.25,0.499994,197.402,98.9594;
0.0078125,0.0155649,0.030519,0.0625,0.121242,0.25,0.48501,192.004]
